,Average Price,MA,Upper Band,Lower Band
0,578.76,,,
1,573.37,,,
2,572.74,,,
3,571.71,,,
4,581.24,,,
5,597.16,,,
6,590.9,,,
7,587.24,,,
8,588.87,,,
9,584.42,,,
10,579.37,,,
11,577.88,,,
12,582.18,,,
13,582.05,580.3142857142856,593.1962007995413,567.4323706290298
14,572.54,580.1749999999998,593.3866353148392,566.9633646851605
15,573.28,580.4607142857142,593.0846950410025,567.8367335304258
16,579.26,581.1964285714286,592.0292465360648,570.3636106067923
17,587.74,581.5785714285714,592.7830152094808,570.374127647662
18,585.93,581.6571428571427,592.7913491355691,570.5229365787163
19,587.77,581.3964285714285,591.6650112978223,571.1278458450347
20,589.48,581.7857142857143,593.2332822888674,570.3381462825613
21,581.5,581.4142857142857,592.7353639839035,570.0932074446679
22,435.01,570.3857142857142,649.8741984886422,490.89723008278634
23,435.7,560.1428571428571,665.2183015196906,455.06741276602366
24,439.97,550.117857142857,673.6510455028019,426.58466878291205
25,435.62,539.8392857142857,676.7125464539002,402.9660249746711
26,433.19,528.9142857142857,674.8087440293053,383.0198273992661
27,443.03,519.725,668.8251044729553,370.6248955270447
28,449.38,510.91428571428565,661.2551723612728,360.5733990672985
29,444.2,501.51785714285717,650.7348164137992,352.30089787191514
30,445.69,491.8785714285714,636.8107184931454,346.9464243639974
31,447.81,482.18571428571425,617.6878086695932,346.6836199018353
32,452.05,473.08571428571423,596.9457061411058,349.22572243032266
33,453.34,463.5035714285714,568.3872539923141,358.6198888648286
34,438.33,451.6892857142857,527.4721859427215,375.90638548584985
35,384.76,438.17857142857144,470.4512727835457,405.9058700735972
36,400.47,435.6607142857143,474.3511459903956,396.97028258103296
37,417.49,434.1535714285714,473.7409327428126,394.5662101143302
38,425.89,433.78928571428565,473.39334880365715,394.18522262491416
39,426.49,433.01785714285705,473.03955524128145,392.99615904443266
40,425.56,432.41785714285703,472.8327174551981,392.00299683051594
41,413.89,429.8249999999999,470.57602169554605,389.0739783044537
42,419.62,427.942857142857,467.34016000139775,388.54555428431627
43,420.44,426.03928571428554,464.5346236652135,387.5439477633576
44,421.96,424.542857142857,461.5641993689283,387.52151491678563
45,565.92,431.93214285714265,510.05396692445754,353.81031878982776
46,556.16,438.9857142857141,539.6635892409128,338.3078393305155
47,551.01,446.3892857142855,565.3450705095776,327.43350091899345
48,548.84,455.33571428571406,586.1160199576632,324.55540861376494
49,550.65,466.6749999999998,600.8182342971212,332.5317657028784
50,565.46,479.9464285714284,621.508572926075,338.3842842167818
51,578.57,491.64285714285694,638.4571556350621,344.82855865065176
52,595.41,502.9392857142855,653.931369962085,351.94720146648604
53,578.45,513.7821428571426,661.8187371227441,365.74554859154114
54,574.73,524.7357142857142,666.1927446114335,383.27868395999485
55,571.77,536.4142857142855,664.0065113550199,408.8220600735511
56,564.87,546.3428571428569,656.1037571247502,436.58195716096355
57,560.51,556.4535714285713,637.620905368409,475.28623748873366
58,529.89,563.7607142857142,598.4757338365887,529.0456947348398
59,536.95,562.842857142857,599.2725546044456,526.4131596812684
60,561.69,564.1607142857142,600.1077517922254,528.2136767792031
61,560.13,564.0535714285713,600.0955867458629,528.0115561112798
62,551.17,563.5535714285713,600.5104582497918,526.5966846073509
63,541.09,562.5428571428571,601.8543324129624,523.2313818727517
64,422.21,551.0535714285713,633.5385580744941,468.5685847826486
65,415.13,539.0607142857142,646.7100036725677,431.4114248988606
66,411.75,526.2571428571428,649.720889371238,402.79339634304756
67,411.91,514.9571428571428,647.8785589538085,382.03572676047713
68,435.03,504.89642857142843,639.3098634784963,370.4829936643606
69,430.23,494.5964285714285,627.881625766049,361.31123137680794
70,426.75,485.1071428571428,616.8117415569658,353.40254415731977
71,433.07,476.32857142857137,602.9589707092265,349.69817214791624
72,442.56,469.57857142857137,594.9289279024641,344.2282149546786
73,436.18,462.39642857142854,581.3677985229089,343.42505861994823
74,424.42,451.91428571428565,554.97437594228,348.8541954862913
75,419.24,441.8214285714285,527.1417635475625,356.50109359529455
76,417.57,432.4535714285713,494.7654848997505,370.1416579573921
77,419.56,424.38214285714275,443.7677285863929,404.99655712789263
78,427.54,424.84285714285704,444.41818923132485,405.26752505438924
79,432.25,425.9642857142856,444.847873564852,407.0806978637192
80,435.01,427.83571428571423,444.97368062101947,410.697747950409
81,433.13,429.2035714285713,445.51550496890735,412.89163788823527
82,444.72,429.7607142857142,447.3903736729529,412.1310548984755
83,446.78,430.767857142857,450.2305080470874,411.30520623862657
84,537.0,438.3999999999998,497.5180175581026,379.281982441897
85,542.06,446.3964285714284,529.7734911272638,363.01936601559294
86,544.25,453.5749999999998,547.9189024159856,359.23109758401404
87,526.19,459.57142857142844,560.8609277179971,358.28192942485975
88,517.09,466.1214285714285,569.0422997020491,363.2005574408079
89,513.08,472.70357142857137,573.2026143959685,372.2045284611743
90,511.79,479.775,576.2250807512526,383.3249192487474
91,520.36,486.9857142857142,579.97435237224,393.9970761991884
92,519.03,493.4428571428571,581.7318220177574,405.1538922679569
93,522.34,499.58214285714286,580.6773633095211,418.48692240476464
94,508.05,504.3642857142857,576.763376534878,431.9651948936933
95,500.78,508.7857142857142,569.7996273090371,447.77180126239136
96,503.64,513.5035714285714,561.2845857508976,465.7225571062451
97,509.53,517.7428571428571,545.9022074725259,489.5835068131883
98,510.77,515.8142857142857,542.4198209559327,489.20875047263877
99,502.23,512.5178571428571,532.1820615271172,492.8536527585971
100,501.53,510.47857142857134,527.2617000580441,493.6954427990986
101,507.55,509.06785714285706,523.847968891309,494.28774539440514
102,498.06,507.6749999999999,523.8214809216705,491.5285190783293
103,448.42,503.4285714285714,539.5190286008092,467.33811425633354
104,452.62,499.37499999999994,542.9713433540726,455.7786566459273
105,459.49,494.89285714285705,540.7380960894039,449.04761819631017
106,455.16,489.9499999999999,538.9043900757874,440.9956099242124
107,454.58,485.55714285714276,535.298997345211,435.81528836907455
108,458.91,482.442857142857,532.9209385574351,431.96477572827894
109,468.0,480.4892857142856,530.547347058035,430.4312243705362
110,466.14,476.75714285714275,525.5130317660405,428.001253948245
111,464.08,474.017857142857,520.3062110053221,427.7295032803919
112,465.53,470.8714285714285,512.8832348659924,428.85962227686457
113,465.29,468.2464285714285,506.165237873689,430.327619269168
114,471.75,465.7999999999999,497.9913509645553,433.6086490354445
115,472.39,463.63214285714275,487.4115006521499,439.8527850621356
116,474.6,462.07142857142844,478.76701593344575,445.37584120941113
117,464.56,463.30714285714265,477.71295670182303,448.90132901246227
118,466.5,464.29999999999984,478.4198714311029,450.1801285688968
119,468.53,464.6071428571427,478.56173168844333,450.6525540258421
120,475.1,466.36071428571415,479.0038138674256,453.7176147040027
121,478.49,468.06785714285706,480.5268117318525,455.60890255386164
122,504.34,471.525,495.35457922737913,447.6954207726208
123,508.69,474.3607142857142,505.79688107522065,442.92454749620777
124,508.16,477.6285714285714,510.54365364573613,444.7134892114066
125,508.73,480.5857142857143,516.3721197099377,444.7993088614909
126,512.59,484.03214285714284,522.2911509898266,445.77313472445906
127,512.02,487.2607142857143,526.454732247083,448.0666963243455
128,510.46,490.0678571428572,529.2420363771611,450.8936779085533
129,517.41,493.40357142857147,534.8464972290159,451.9606456281271
130,515.21,496.45,537.7813812607698,455.1186187392302
131,515.32,499.90357142857147,537.7193285083458,462.0878143487971
132,517.12,503.44642857142856,538.2900896059084,468.6027675369487
133,513.17,506.82499999999993,533.840800220213,479.8091997797868
134,513.9,509.43571428571425,529.5812779726339,489.29015059879464
135,509.49,511.60357142857134,521.4916733920197,501.7154694651229
136,504.1,511.42142857142846,521.69384977398,501.14900736887694
137,512.12,511.7249999999999,522.0674256937509,501.3825743062489
138,519.63,512.8357142857142,522.076046328651,503.59538224277736
139,516.75,513.3,522.0356915978241,504.5643084021758
140,515.75,513.3,522.0356915978241,504.5643084021758
141,521.36,514.2499999999999,524.5844085462102,503.91559145378955
142,527.96,515.6892857142856,527.8715034340363,503.5070679945348
143,479.86,512.6464285714285,535.3596393760447,489.9332177668123
144,475.53,509.3464285714285,541.490299007227,477.2025581356299
145,466.31,505.7035714285713,546.467591466717,464.93955139042566
146,465.2,501.8607142857142,546.9742493273851,456.7471792440433
147,464.94,498.3607142857142,547.4623385510533,449.2590900203751
148,462.93,494.8214285714285,546.7498662271358,442.89299091572116
149,465.07,492.08928571428567,544.7782887790248,439.40028264954645
150,474.29,489.70714285714274,542.8370251796592,436.5772605346262
151,466.35,486.22857142857134,538.8106934895877,433.6464493675549
152,465.3,482.46071428571423,532.8098977421056,432.1115308293229
153,459.93,478.5035714285713,526.8253210193775,430.18182183776514
154,461.29,474.9285714285713,519.6559286444474,430.20121421269516
155,461.84,470.5749999999999,505.4426784429378,435.70732155706196
156,457.97,465.29642857142846,477.3959177078662,453.1969394349907
157,465.81,464.5607142857142,474.08963210073466,455.03179647069373
158,466.96,464.5357142857142,474.0082193212627,455.06320925016576
159,465.36,464.46428571428567,474.0337426212708,454.89482880730054
160,465.22,464.3571428571428,473.90538934480486,454.8088963694807
161,454.4,463.96428571428567,474.1573020695028,453.7712693590685
162,653.97,477.6785714285714,579.9407361312141,375.4164067259287
163,652.01,490.63571428571424,628.8679015013465,352.4035270700819
164,648.5,503.4178571428571,665.2815871379121,341.5541271478021
165,651.53,516.8749999999999,695.6229478096287,338.12705219037105
166,652.63,530.3107142857142,720.2078369542846,340.41359161714377
167,639.9,543.2749999999999,736.8442074605949,349.7057925394048
168,606.74,554.0999999999999,745.1565763971895,363.0434236028103
169,608.88,564.1214285714284,749.2658990399106,378.97695810294624
170,589.7,573.9107142857141,748.2656933837125,399.5557351877158
171,575.15,580.9892857142855,744.6359227502676,417.3426486783034
172,505.13,583.3642857142855,740.8818570348367,425.8467143937344
173,507.61,586.7214285714283,734.7206734462455,438.72218369661107
174,504.7,589.3999999999997,728.9558559254197,449.8441440745799
175,515.99,593.5107142857141,719.0342038347663,467.9872247366619
176,528.32,585.0499999999998,708.8354098523218,461.2645901476779
177,524.55,575.4499999999998,697.5874635400606,453.312536459939
178,512.42,565.6499999999999,683.65634924248,447.64365075751977
179,512.8,555.4714285714285,664.9431299676943,445.9997271751627
180,508.81,544.9714285714286,641.521413348431,448.4214437944263
181,500.48,534.7607142857144,617.1476081143152,452.3738204571135
182,479.07,524.6142857142858,599.5631136783488,449.6654577502227
183,480.38,515.35,579.5944131063906,451.1055868936095
184,468.7,506.57142857142856,558.3384616550977,454.8043954877594
185,468.49,499.71785714285716,540.9946266784775,458.44108760723674
186,477.67,498.09285714285716,540.6521887082932,455.533525577421
187,473.48,495.0142857142857,540.6133482648968,449.41522316367457
188,450.38,490.8821428571428,543.8066261712573,437.9576595430283
189,445.8,486.4392857142857,540.988080787652,431.8904906409193
190,456.89,480.45714285714286,529.7045380579657,431.20974765632
191,464.26,476.5214285714286,521.4818678364226,431.56098930643464
192,462.91,473.1464285714286,512.8739711252132,433.41888601764407
193,497.11,472.3071428571429,508.9235296289136,435.69075608537213
194,501.97,471.8321428571429,506.68754983517897,436.97673587910685
195,497.58,471.6428571428572,505.928957873282,437.35675641243245
196,482.3,472.2357142857144,506.8377246446408,437.633703926788
197,456.18,470.6928571428572,506.88414077564846,434.5015735100659
198,452.25,469.5928571428572,506.96837066426787,432.21734362144656
199,452.73,468.2678571428572,506.6239539833246,429.91176030238984
200,451.6,466.00714285714287,505.14551390030516,426.8687718139806
201,440.9,464.16785714285714,505.8668076395739,422.4689066461404
202,437.6,463.85357142857146,506.275490006405,421.4316528507379
203,438.38,462.7642857142858,507.1255548327676,418.403016595804
204,401.07,458.89642857142866,515.0753250236872,402.7175321191701
205,513.44,462.0821428571429,523.992644105601,400.1716416086848
206,513.78,465.53928571428577,533.600346292513,397.4782251360585
207,515.61,466.4750000000001,536.8790290586587,396.0709709413414
208,507.72,466.81785714285724,537.9575853828926,395.67812890282187
209,511.8,468.03214285714296,541.7447824907797,394.3195032235063
210,527.13,471.4964285714287,551.9530338296078,391.03982331324954
211,527.0,476.6750000000001,561.0203227010164,392.3296772989839
212,535.16,482.33928571428584,570.4738696760313,394.2047017525403
213,542.18,488.34285714285727,579.3172817580534,397.36843252766124
214,538.0,494.8678571428573,586.5408345147077,403.19487977100687
215,545.19,502.35714285714306,591.5190945314622,413.1951911828239
216,535.21,508.7714285714287,591.0635509562194,426.479306186638
217,525.12,514.9928571428574,586.6363533546594,443.34936093105534
218,525.38,523.9714285714288,548.5702939075389,499.3725632353186
219,526.69,525.4392857142859,548.1731702370507,502.70540119152105
220,537.04,527.1428571428572,550.0324200026408,504.25329428307367
221,541.9,529.357142857143,552.2675320739551,506.4467536403309
222,543.27,532.1964285714287,551.2593795208744,513.1334776219829
223,544.31,534.6178571428572,550.7741422805497,518.4615720051648
224,538.79,535.1928571428572,551.0348100694172,519.3509042162972
225,554.6,537.407142857143,555.4450882092981,519.3691975049878
226,484.26,533.9642857142858,567.6276286757407,500.3009427528309
227,483.82,529.7785714285716,574.4738424619497,485.0833003951934
228,477.51,525.0607142857144,578.4175706481259,471.70385792330296
229,483.67,521.1928571428573,576.4523966206398,465.9333176650748
230,489.85,518.307142857143,575.9449890927652,460.66929662152086
231,520.94,518.5500000000001,576.3350659440115,460.76493405598865
232,536.75,519.4000000000001,577.8638349751358,460.93616502486435
233,540.82,520.2892857142858,579.6879023592933,460.8906690692783
234,552.51,520.8321428571429,581.0882961610911,460.5759895531947
235,555.12,521.9357142857144,584.5246593475697,459.34676922385916
236,569.79,523.882142857143,590.9669870373392,456.79729867694675
237,571.12,525.6428571428572,596.3616704067294,454.92404387898495
238,566.51,527.2892857142858,600.1770727948001,454.4014986337715
239,561.16,527.8892857142858,601.9139508196135,453.8646206089581
240,558.0,532.9000000000002,603.6537984846036,462.14620151539674
241,567.27,539.9464285714287,606.9553311290581,472.9375260137992
242,582.47,546.9678571428573,603.8143252307322,490.12138905498233
243,571.5,552.9035714285716,600.690944467669,505.1161983894741
244,574.42,559.2,591.1948313133397,527.2051686866604
245,573.64,561.9892857142858,588.7400492855966,535.238522142975
246,565.17,564.0107142857144,586.0695230467481,541.9519055246806
247,552.01,564.8357142857144,583.7366067583876,545.9348218130413
248,551.64,565.2750000000001,582.5347686944069,548.0152313055933
249,553.47,564.6607142857144,583.3934983233852,545.9279302480437
250,546.9,562.8250000000002,583.672680188227,541.9773198117733
251,549.64,561.3178571428573,582.9364960789784,539.6992182067362
252,565.5,561.5857142857145,583.2242635251306,539.9471650462984
253,566.78,561.5642857142859,583.1927010896243,539.9358703389476
254,562.72,562.1285714285716,583.3718405629658,540.8853022941774
255,567.21,561.5607142857144,581.4442667686205,541.6771618028083
256,575.16,561.6142857142858,581.6203397430546,541.6082316855169
257,571.07,561.507142857143,581.2662247862494,541.7480609280366
258,578.91,561.6035714285716,581.6966036799458,541.5105391771974
259,586.67,563.1642857142858,587.9983636833035,538.3302077452681
260,583.95,564.4535714285715,591.2696247229237,537.6375181342194
261,580.0,566.1642857142859,592.6112261675875,539.7173452609844
262,572.07,567.4750000000001,592.7886554816956,542.1613445183046
263,567.21,568.5642857142859,592.0021061882815,545.1264652402904
264,575.61,570.9857142857145,590.9508542348015,551.0205743366275
265,572.8,572.6357142857145,588.0801770012395,557.1912515701895
266,555.21,571.7142857142859,590.6090724829368,552.819498945635
267,535.46,569.4178571428573,597.8592843260982,540.9764299596164
268,565.03,569.4714285714289,597.8586877472686,541.0841693955891
269,570.57,569.7785714285717,598.2507633759004,541.306379481243
270,581.81,570.2607142857146,599.1604661763532,541.360962395076
271,573.28,569.939285714286,598.8821253647554,540.9964460638166
272,563.61,568.5000000000002,597.6657596928551,539.3342403071454
273,568.71,567.0464285714288,593.6990215838457,540.3938355590119
274,563.35,565.7535714285717,590.9893965217144,540.517746335429
275,564.27,564.6678571428573,589.3150166653519,540.0206976203627
276,565.37,564.2142857142859,588.607740970573,539.8208304579988
277,561.51,563.7750000000003,588.2590214771215,539.2909785228792
278,541.49,560.5214285714289,587.9346402735263,533.1082168693316
279,545.15,558.8464285714289,586.0771370366216,531.6157201062362
280,552.19,558.7821428571431,586.0987933766381,531.465492337648
281,548.78,559.7321428571431,583.7044861251273,535.7597995891589
282,554.29,559.5142857142861,583.4081352148557,535.6204362137164
283,563.25,558.6678571428574,581.2137968128785,536.1219174728363
284,563.61,557.4821428571432,576.8802239336412,538.0840617806452
285,560.31,556.8535714285719,575.4852427391123,538.2219001180314
286,557.99,556.6607142857147,575.2927040870184,538.028724484411
287,557.17,555.8214285714289,573.1078712043404,538.5349859385174
288,560.6,555.7321428571432,572.8498173551474,538.6144683591391
289,570.26,556.2857142857146,574.5643032133822,538.0071253580469
290,535.92,554.0964285714288,575.2747725281007,532.9180846147568
291,527.36,551.5107142857145,577.9112730959814,525.1101554754475
292,522.59,550.2178571428574,581.6215464690587,518.8141678166561
293,501.62,547.2000000000004,586.4042580104987,507.9957419895021
294,508.62,544.0321428571432,589.0350591240626,499.0292265902238
295,502.48,540.846428571429,591.5258351656971,490.1670219771608
296,481.1,534.721428571429,595.163806907337,474.2790502355211
297,465.82,527.5107142857147,597.4097093106395,457.61171926078987
298,454.01,519.4607142857147,597.3984920177119,441.5229365537176
299,453.96,513.2928571428577,591.7070518659176,434.87866241979776
300,479.91,508.3142857142862,584.0159311447468,432.6126402838256
301,485.23,503.4000000000005,574.2502320717126,432.54976792828836
302,473.63,496.78928571428617,560.7398817729927,432.8386896555796
303,466.79,489.07857142857193,540.6088271309009,437.54831572624295
304,467.24,484.5535714285719,529.9248680866987,439.18227477044513
305,470.23,480.671428571429,520.6495709511354,440.69328619172256
306,481.79,478.3250000000004,512.8999075308884,443.7500924691124
307,493.74,477.38214285714326,509.27495871427533,445.4893270000112
308,484.49,475.6857142857147,503.3737685988764,447.99765997255304
309,484.96,474.5357142857147,498.95542349369754,450.1160050777318
310,480.26,475.0214285714289,499.6944195436788,450.34843759917896
311,572.77,483.15357142857175,540.7362005438212,425.57094231332235
312,582.91,492.46785714285744,566.7217729385186,418.2139413471962
313,586.48,500.614285714286,588.8156412644089,412.4129301641631
314,580.1,507.0750000000003,603.4431143404734,410.70688565952713
315,573.41,512.8928571428575,614.079340408185,411.70637387753
316,571.8,520.3107142857145,623.2110781825922,417.41035038883683
317,574.76,528.2321428571431,628.352029509579,428.1122562047072
318,555.81,534.2000000000003,629.3186546453344,439.08134535466615
319,562.88,540.964285714286,629.4056215822484,452.5229498463236
320,591.69,549.4500000000003,636.7233988901886,462.17660110981194
321,612.77,558.4857142857146,646.8591912376324,470.11223733379677
322,626.54,568.607142857143,651.4304660043249,485.78381970996116
323,625.94,578.757142857143,651.229587033083,506.284698681203
324,631.75,589.7750000000002,642.5490721596051,537.0009278403953
325,640.67,594.4178571428573,652.6179048185252,536.2178094671895
326,628.74,597.9464285714287,658.4307108817351,537.4621462611223
327,626.11,600.5142857142857,661.8330923233144,539.195479105257
328,624.89,603.732142857143,664.2664383768345,543.1978473374515
329,625.75,607.4142857142858,665.2420861695502,549.5864852590214
330,633.42,612.1250000000001,668.963675213268,555.2863247867323
331,653.51,617.9392857142858,673.4934197925533,562.3851516360183
332,486.12,613.0964285714288,697.1641893753942,529.0286677674633
333,492.33,608.5821428571431,709.1901071170706,507.97417859721565
334,496.22,600.7285714285717,719.1973580628276,482.2597847943159
335,478.02,590.339285714286,725.9167581938818,454.76181323469024
336,479.84,580.1214285714289,726.0965830131532,434.14627412970447
337,472.86,569.0500000000003,723.2042633957188,414.89573660428175
338,469.64,557.0535714285718,715.0574003222245,399.0497425349191
339,478.64,545.8928571428576,700.8079696655288,390.97774462018634
340,498.89,536.8607142857147,685.3123338513099,388.4090947201196
341,520.05,529.9214285714289,670.1228096371914,389.72004750566646
342,521.58,523.0000000000003,652.9852358480052,393.01476415199545
343,518.88,515.8428571428575,632.9176120721684,398.7681022135466
344,521.88,506.9750000000004,599.8646678033433,414.08533219665753
345,509.66,496.4500000000004,536.5053271209878,456.394672879013
346,516.62,498.8392857142861,540.229180032204,457.4493913963682
347,521.37,499.77857142857187,541.9400141546848,457.61712870245884
348,507.17,500.7857142857147,542.8046922063467,458.76673636508275
349,510.86,503.16785714285754,542.3951162510707,463.9405980346444
350,494.59,504.1857142857147,541.5699032219162,466.8015253495132
351,500.41,506.17500000000035,538.6777750294559,473.67222497054485
352,502.28,508.73214285714323,532.5957491080161,484.86853660627037
353,664.82,521.0750000000004,601.1191969260635,441.03080307393725
354,656.16,531.9321428571433,638.4696812551744,425.3946044591122
355,664.02,541.8678571428576,669.3634534899937,414.37226079572144
356,671.51,552.8035714285719,698.7384750633803,406.8686677937635
357,654.81,563.0321428571434,719.1016767053742,406.96260900891264
358,649.64,571.7607142857148,730.1032795265007,413.4181490449289
359,638.98,580.6821428571435,737.0042885747537,424.3599971395333
360,641.63,589.9857142857148,746.1644995512958,433.8069290201339
361,663.35,600.8000000000005,755.2261586051341,446.373841394867
362,656.41,610.8178571428577,756.6985333933333,464.9371808923823
363,649.75,620.453571428572,754.289041398148,486.61810145899597
364,648.89,631.4642857142862,744.477392024136,518.4511794044365
365,636.94,641.1571428571433,724.7523567166636,557.561928997623
366,627.44,649.7821428571433,679.889836919581,619.6744487947057
367,636.79,648.7035714285719,678.9026153330792,618.5045275240645
368,640.68,647.596428571429,677.8822075211691,617.3106496216889
369,632.89,645.2750000000004,675.2073018210568,615.342698178944
370,624.59,641.4071428571433,667.1601369218313,615.6541487924553
371,504.22,629.8642857142861,706.368437723994,553.3601337045782
372,516.85,621.2857142857147,718.0986221073393,524.47280646409
373,519.1,612.9571428571433,725.2211165095091,500.6931692047774
374,525.9,604.4071428571433,722.6258896273212,486.1883960869654
375,530.36,594.846428571429,713.5178201357971,476.17503700706084
376,529.8,586.346428571429,706.2140123351894,466.4788448076686
377,528.19,578.0285714285718,697.2705278693468,458.7866149877968
378,538.07,570.2214285714289,683.6602613898617,456.7825957529961
379,537.62,563.064285714286,671.456035532116,454.6725358964561
380,540.65,557.6321428571433,660.3425992729459,454.92168644134074
381,549.76,550.9250000000004,641.729640257574,460.12035974242673
382,543.13,543.8071428571433,618.8371764041547,468.7771093101319
383,537.9,536.9857142857147,592.6305001852215,481.3409283862079
384,539.43,531.0678571428576,556.7460312674604,505.38968301825497
385,535.7,533.3464285714291,553.1517295046318,513.5411276382264
386,528.35,533.728571428572,552.4254536979018,515.0316891592421
387,530.48,534.896428571429,549.9110606289902,519.8817965138679
388,548.33,536.3035714285719,553.0184410999641,519.5887017571797
389,551.32,537.853571428572,556.5202618066246,519.1868810505193
390,553.05,539.6892857142863,558.8899739459922,520.4885974825803
391,625.3,547.4500000000005,600.6433194185979,494.2566805814031
392,630.41,553.2571428571433,619.0049109636631,487.5093747506236
393,606.67,557.853571428572,626.9261916780712,488.78095117907276
394,604.67,561.4250000000005,633.4012968461982,489.4487031538029
395,600.96,565.5000000000006,640.4072452077575,490.5927547922437
396,607.75,570.4678571428577,647.3464187953617,493.5892954903537
397,604.84,575.2678571428577,651.1943763484746,499.3413379372408
398,591.77,578.5750000000006,651.9497467562113,505.20025324379
399,589.26,582.578571428572,651.5925579071829,513.564584949961
400,598.36,588.0571428571435,648.4181192618291,527.6961664524579
401,598.96,593.2392857142864,643.8552330123332,542.6233384162397
402,600.6,596.3500000000007,640.4223007376206,552.2776992623808
403,603.6,600.410714285715,637.1896417509635,563.6317868204666
404,610.7,604.2678571428579,628.9055270858389,579.6301871998769
405,586.31,600.0642857142865,622.2999268398138,577.8286445887592
406,568.27,596.4821428571437,620.3886790455377,572.5756066687496
407,560.92,593.6035714285723,624.7783261135712,562.4288167435734
408,555.2,590.4678571428578,627.9522047919883,552.9835094937274
409,570.24,588.2785714285721,625.8755171777934,550.6816256793509
410,565.81,584.8714285714293,622.730960737368,547.0118964054906
411,573.26,583.2500000000007,619.6920931595016,546.8079068404998
412,550.95,580.535714285715,621.2778381790549,539.7935903923751
413,564.03,578.5964285714292,619.8562891977172,537.3365679451413
414,555.54,575.1178571428578,616.8317841133114,533.4039301724042
415,545.57,570.7250000000007,612.8773016982615,528.5726983017399
416,530.62,566.0214285714293,611.7909635228575,520.251893620001
417,540.09,560.8678571428578,601.2626893931246,520.4730248925911
418,537.72,555.6535714285721,588.6142814723979,522.6928613847464
419,528.35,552.2250000000007,586.1089592183014,518.3410407817
420,532.0,549.5000000000007,583.1187676523303,515.881232347671
421,525.93,547.1642857142864,582.5138897501778,511.81468167839506
422,509.77,543.6357142857149,585.3192182830317,501.95221028839813
423,505.08,538.9892857142864,580.786675742692,497.1918956858809
424,516.34,535.7785714285721,576.8445355179889,494.7126073391554
425,517.15,531.2714285714293,564.3947811118405,498.1480760310181
426,533.35,530.5107142857149,562.3750946541392,498.64633391729063
427,536.95,528.4964285714293,554.3986846147118,502.5941725281468
428,541.75,528.0321428571435,552.362864403964,503.70142131032316
429,547.96,528.6250000000007,554.6811745229256,502.5688254770757
430,548.9,530.335714285715,559.1055550267344,501.56587354469553
431,547.6,530.7178571428578,560.0513928772558,501.38432140845987
432,546.27,531.660714285715,562.2562689797036,501.0651595917265
433,542.89,532.5250000000007,563.339675574621,501.71032442538035
434,575.77,535.3321428571436,572.6340423167765,498.0302433975108
435,573.27,538.6035714285721,580.1865462044178,497.02059665272634
436,574.12,543.385714285715,583.5219137258003,503.24951484562973
437,580.69,548.4428571428579,587.4983572409471,509.3873570447686
438,581.86,553.1000000000007,591.6012087722303,514.5987912277711
439,597.95,558.8357142857151,598.1825239222171,519.488904649213
440,595.42,562.5107142857152,603.0863071496946,521.9351214217357
441,567.74,564.4035714285723,601.8530340782141,526.9541087789304
442,532.56,562.642857142858,605.9348684354501,519.350845850266
443,516.75,560.1857142857152,610.0908770920319,510.2805514793986
444,520.35,557.9142857142866,612.2138738777799,503.6146975507933
445,527.81,557.0857142857152,612.6940344790548,501.47739409237556
446,525.42,555.5392857142867,613.4982921634241,497.5802792651494
447,531.82,555.0321428571439,613.698679081189,496.36560663309876
448,527.81,551.7535714285724,611.4919042358507,492.01523862129403
449,513.55,547.3892857142866,609.6763158319515,485.10225559662183
450,490.04,541.8357142857152,608.5323804297218,475.13904814170866
451,490.86,535.1678571428581,604.3283350424254,466.00737924329087
452,484.61,528.1750000000009,596.6004647829973,459.7495352170044
453,488.17,520.6857142857152,578.5926612393787,462.77876733205176
454,534.62,516.1464285714295,558.760194210926,473.53266293193303
455,521.95,513.2178571428581,547.064652404012,479.3710618817041
456,524.08,513.4357142857151,547.5118152853979,479.35961328603236
457,518.1,513.167857142858,547.2465580738321,479.08915621188385
458,510.43,512.4964285714294,546.3863740802869,478.6064830625719
459,518.45,511.80357142857235,544.3869429376876,479.220199919457
460,527.64,512.1000000000009,545.2880655101752,478.91193448982665
461,524.99,511.2428571428581,542.6969471824652,479.78876710325096
462,520.45,510.5928571428581,541.0995741117441,480.0861401739722
463,514.7,510.85357142857237,541.4283841969951,480.2787586601496
464,520.11,512.6035714285724,541.7576043805083,483.4495384766366
465,525.89,515.7321428571438,541.8284027466316,489.635882967656
466,528.55,518.8107142857153,538.3231631156432,499.29826545578743
467,529.15,521.2857142857152,534.1261808822788,508.4452476891516
468,531.63,521.4464285714296,534.5910948945865,508.3017622482726
469,529.96,522.175000000001,536.2510981263079,508.0989018736941
470,537.91,523.4714285714296,540.8825529678356,506.0603041750235
471,569.17,528.1107142857153,560.1099252993381,496.11150327209253
472,574.02,532.2571428571438,569.030541627759,495.4837440865285
473,572.19,535.7785714285723,577.3835214721871,494.1736213849574
474,452.82,530.4785714285723,590.3629178394232,470.59422501772144
475,451.05,524.910714285715,600.9637744939199,448.8576540775101
476,424.68,517.4892857142864,614.3593190148292,420.61925241374365
477,422.51,510.7571428571436,620.7616872188187,400.75259849546853
478,417.91,503.1071428571436,625.0818619095443,381.13242380474287
479,401.85,493.7642857142864,626.4950103967251,361.0335610318478
480,413.67,486.25000000000074,622.6151658655492,349.88483413445226
481,429.23,479.4071428571436,616.5221807865179,342.2921049277693
482,423.48,471.82857142857216,609.0549577356569,334.60218512148737
483,421.03,463.9500000000007,599.2057804821907,328.6942195178108
484,421.95,455.35357142857214,584.5967022639559,326.1104405931884
485,429.62,445.15000000000066,554.2462242877663,336.05377571223505
486,427.59,434.8214285714293,517.9398863409186,351.70297080193995
487,427.15,424.6714285714293,452.176497035427,397.1663601074316
488,426.88,422.52142857142934,443.64490127128437,401.3979558715743
489,428.74,421.1964285714294,438.85674759834103,403.5361095445178
490,414.66,421.2464285714294,438.80987243759614,403.6829847052627
491,414.92,420.60357142857225,438.9799134218901,402.2272294352544
492,423.71,421.6000000000008,439.2916320941371,403.9083679058645
493,429.74,423.8500000000008,436.43576729730745,411.2642327026942
